149083
149203
149242
153442
150764
154722
154643
154683
156964
158842
148282
149322
153246
154523
155843
156442
157164
157363
158042
158764
153363
150803
154644
158202
157443
158122
158882
148362
148402
152962
153522
154603
156602
157243
157523
158162
158606
148363
148323
150964
153002
154123
154203
154723
156523
157522
158163
158922
159962
148442
137602
148482
151082
151843
156562
157562
138802
138922
138842
138803
148443
148523
138882
148324
151044
151884
152044
151923
137643
138843
138962
139002
138883
139042
148444
148522
148562
151122
152043
152083
152084
152522
137242
138762
138085
138162
138163
138322
138362
138323
138402
138442
138482
138522
138324
138443
138562
138602
138642
138363
138523
138483
138563
138682
138403
138564
138444
138404
138524
138445
138643
138603
138446
138365
138644
138326
138604
138645
138447
138366
138565
138448
138327
138485
138450
138607
138368
138525
138486
138723
138884
138844
139082
139003
138724
138885
139004
149522
151202
151885
156002
155763
157284
159002
159642
138725
139083
139005
138845
138923
139043
138804
138963
138886
138805
138846
138847
138763
138764
138924
138848
138806
138765
138925
138964
139006
138726
139084
139122
139162
139202
139203
139123
139242
139282
139204
139322
139163
139362
139243
139244
139245
139205
139164
139124
139247
139402
149602
151242
151282
152003
155724
159682
160803
139206
139248
139249
139442
139403
139482
139404
139283
139405
139323
139250
139125
139165
139126
139166
139324
139325
139484
139406
139167
139284
139485
139486
139488
139207
139489
139251
139490
139444
139252
139208
139407
139408
139363
139209
139285
139491
139492
139210
139364
139211
139365
139212
139366
139330
148643
149642
152004
154762
155804
156924
157642
139328
149563
151322
151964
153722
154724
156003
158282
139493
139329
139367
139368
139494
139369
139409
139286
139410
139287
139168
139370
139445
139288
139169
139253
139254
139331
139495
139290
139332
139446
139128
139371
139411
139170
139496
139291
139292
139447
139129
139448
139333
139213
139497
139372
139214
139412
139171
139522
139562
139642
139682
139603
139683
139722
139723
139524
149682
151362
151763
151924
154725
155764
158005
161522
139762
139604
139605
139564
139523
139802
139685
139803
139525
139842
139643
139644
139763
139565
139526
139645
139606
139607
139724
139527
139566
139843
139528
139686
139608
139844
139687
139688
139845
139766
139806
139609
139530
139882
139647
139568
139922
139962
140002
139963
140042
139964
140003
140082
140122
140162
140202
140083
140043
140123
140203
140242
140163
140085
140204
140004
140164
140402
140442
140324
140444
140483
140363
152085
154802
155923
157684
157722
158243
158123
140522
152045
154164
156004
157685
158203
160482
140562
148922
151442
154325
156042
157762
160042
160562
140284
140523
140285
140445
140286
140325
140287
140326
140602
140642
140643
140364
140404
140366
140405
140484
140328
140485
140486
140603
140645
140487
140406
140488
140288
140565
140447
140648
140329
140367
140604
140566
140605
140649
140289
140330
140448
150242
150283
151482
152122
153243
154284
157802
158724
159923
140408
140368
140449
150842
151522
152162
153882
140290
140291
140491
140492
150322
153402
153843
158725
160643
160682
160483
140369
140292
140331
140682
140722
140762
140802
140763
140842
140843
140684
140723
140882
140844
140764
140922
140883
140765
140962
140803
140804
140805
141002
141042
140685
140884
140806
140686
140687
141082
141162
141202
141242
141083
141163
141084
141282
141322
141362
141164
141323
141243
141244
150883
153244
153922
153845
158322
141165
141245
141283
141284
141166
141443
141246
141167
141203
141526
141527
141564
141605
141683
141762
141644
141484
141803
141565
141723
141804
141606
141645
141882
141922
142002
141883
142003
141844
142082
142122
142162
142202
142242
142203
142282
142283
142243
142322
142083
142084
142323
142123
142284
142244
142085
142362
142163
142402
142363
142086
142403
142087
142088
142405
142245
142523
142483
142563
142602
142642
142682
142722
142683
142603
142604
142762
142684
142524
142802
142525
142723
142526
142842
142685
142686
142803
142804
142805
142527
142843
142485
142564
142763
142806
142528
142687
142807
142844
142724
142565
142808
142764
142643
142725
142726
142688
142809
142644
142689
142486
142690
142529
142530
142727
142882
142883
142884
142885
142922
142886
142962
143002
143003
142887
143042
143043
143082
143004
143122
142888
143162
143163
143164
143242
143083
143084
143282
143322
143362
143363
143402
143442
143482
143522
143283
143483
143523
143562
143403
143602
143603
143563
143524
143364
143564
143404
143604
143565
143484
143443
143485
143486
143605
143444
143566
143488
143405
143489
143567
143643
143365
143568
143490
143445
143407
143682
143722
143762
143763
143802
143764
143842
143882
143723
150402
150403
150843
150723
150724
153283
153844
153962
157362
143922
143683
143724
143843
143803
143962
143963
143964
143884
150442
153324
153963
154443
154444
157402
157923
160604
144002
143883
144003
143725
143804
143726
143727
144042
143844
143728
144082
144122
144162
144202
144242
144282
144322
144243
144362
144205
144083
144206
144163
144207
144402
144323
144442
144123
144244
144124
144245
144084
144324
144085
144246
144247
144364
144125
144086
148847
150284
154602
154884
156963
157122
157162
157765
160523
144087
149003
153325
154122
154642
155122
155802
157686
158684
160563
144443
144403
144126
144127
144088
144444
144404
144563
144682
144722
144723
144683
144525
144763
144962
145282
145522
145563
145602
145643
145722
145882
145922
145962
145963
145923
146002
146042
146083
145924
146003
146122
146722
147044
147324
148042
148082
148043
148003
148004
148162
148005
153245
154043
154682
155842
157163
157283
