144016
148140
149139
149897
150977
151896
110051
110011
110131
110132
110053
110133
110054
110055
110056
110057
110092
110059
110136
110060
110211
110176
110289
110291
110251
110295
110216
110296
110297
110298
110254
110217
110179
110300
110182
144056
147498
151097
152179
110221
110222
110186
110305
110259
110223
110187
110225
110188
110309
110308
110261
110314
110264
110330
110265
110266
110332
110333
110316
110334
110317
110335
110370
110339
110321
110355
110340
110392
110432
110472
110393
144976
146858
148022
148857
149298
150738
151176
110475
110594
110553
110515
110593
110396
110397
110477
110516
110554
110398
110400
110401
110555
110632
110712
110713
110752
110792
110633
110716
110753
110754
110832
110755
111196
114919
146697
149138
150057
150617
151017
110872
110912
110913
110992
110914
110954
111032
110916
110994
111033
110956
110875
110995
111000
110924
111074
111073
110919
110920
110958
110997
110876
110959
110998
110999
110921
110960
110877
110878
111112
111315
111192
111113
111232
111193
111114
111272
111312
111233
111194
111153
111314
111235
111154
111236
111237
111195
111155
111116
111156
113934
111352
111392
111472
111393
111433
111512
111552
112256
112141
111813
111817
111779
111617
111853
111893
111894
111934
111854
112013
112014
112053
111937
111974
111895
111975
111976
111896
111897
112016
111855
111898
112054
112333
112140
146261
148141
148617
149180
150096
150778
112056
112093
112133
111940
112173
112134
111942
111902
112135
116896
112136
112213
112175
118218
112094
111943
111903
111904
111905
112097
111944
112255
112139
112293
112295
112373
112099
112145
112298
112102
112336
112338
112375
112376
112453
112493
112533
112494
112416
112535
112573
112417
112455
112536
142856
112613
112614
112574
112654
112737
112933
112934
112894
112935
112974
112895
112975
112976
112937
142896
113053
113093
113054
113133
113014
112896
113094
112978
113056
113135
112902
112903
113059
113137
113016
113138
113139
112980
113097
113017
112981
112904
112907
113018
113142
113098
113099
113143
112983
113144
113019
142937
146138
146058
146178
146779
149059
149541
149820
150496
150816
151777
112984
112908
112985
113293
113294
113255
113297
113617
113333
113334
113373
113300
113413
113375
113414
113573
113613
113693
142976
143016
113734
113618
113619
113620
113774
113575
113656
113657
113576
113658
113973
113894
114013
113816
113935
113855
113817
113936
114014
113856
113976
113977
113978
114018
113896
114020
114021
113937
143017
146337
146298
146898
147737
147618
147901
148778
149659
149660
114022
113938
114026
114057
114253
114453
114454
114493
114415
114574
114758
114803
114996
114877
114798
114800
114801
115035
114916
115036
114917
114997
114918
114802
114955
116856
142817
146059
147058
149619
143978
145097
144897
144977
145777
145778
146060
148817
149416
115001
115040
114882
115041
115042
115043
115002
114921
115044
114956
114922
115154
115155
115156
115157
115158
115194
115195
115076
115077
115235
115116
115161
115119
115120
115162
115277
115121
115198
115080
115163
115199
115278
115238
115201
115126
115124
115241
115202
115283
115314
115316
115917
115798
115954
115317
115555
115794
115874
115799
116034
115800
115956
115957
115839
116037
115840
115997
115803
142897
144296
115804
116194
116314
116275
116276
116354
116394
116434
116355
116395
116356
116396
116554
116594
116595
116754
116755
144058
116857
116858
116936
117096
117056
116900
117136
117176
117216
117177
116866
118178
117178
117218
116863
117258
117221
117259
117260
116864
116979
116980
116981
116865
117261
117137
117296
144019
145816
145658
146262
146818
147659
148699
149459
150938
117097
117222
116982
146336
147096
147977
149418
149577
149620
150497
150619
151256
151576
144257
145177
145856
146219
147136
147816
149578
149621
150338
151098
116867
117223
117180
117298
117299
116983
117224
117141
117618
117736
117737
117896
117936
117976
118017
118056
118057
117897
118176
118256
118257
118177
118499
117900
118059
118259
118296
118496
123417
118536
118576
118656
118497
118378
118696
118776
118498
118737
118577
118657
118618
118380
118658
118578
118816
118739
118580
118817
118383
118384
118896
118936
119376
119416
119456
119496
119377
119417
119536
119378
119578
119418
119616
119379
119656
119617
119382
119618
119498
119459
123339
119661
119662
120217
120057
120256
120137
120336
120257
120138
120337
120218
120058
120377
120177
120059
120338
120098
120417
120061
120418
120419
120380
120100
120420
120219
120458
120459
120776
120816
120698
120497
120936
120498
120977
120700
121096
121136
121176
121216
121097
121256
121098
121057
121138
121296
121297
121816
121419
121616
121617
121656
121420
121457
121577
121776
121856
122136
122137
122138
122176
122216
122256
122139
122296
122336
146263
147856
150298
152058
122217
122257
122177
122218
122417
122456
122457
122536
122576
122656
122696
122616
123376
122737
143256
123416
123377
122896
123298
123336
123337
123338
123299
123456
123578
124457
123696
123698
123736
123737
123776
123699
123700
123816
123896
123701
123936
123897
123777
123937
123938
123976
123979
123980
123779
144297
146140
147896
147976
123704
146141
147216
148096
148057
148097
147857
148296
149056
150537
123898
123859
144217
147097
148336
124136
124176
124216
124256
126179
143416
145256
124177
124258
124137
124217
124416
124378
145296
124379
124616
124656
124500
124417
124538
124736
124380
124539
145336
124776
125056
125096
145376
145738
125177
125180
145416
147897
148337
125337
125217
125298
125376
125098
125099
125338
125218
125416
125417
145456
145937
146456
146457
148056
125181
125300
125184
145496
145977
146496
148136
148376
149176
125377
125258
125185
125221
125656
125696
125736
125776
125816
125856
125896
125657
126259
126299
126296
126297
126257
126298
126219
126258
126177
126017
126220
126018
126178
126019
126221
126336
126337
145377
145536
145858
148017
148416
150780
126021
126302
126537
126697
126538
126577
126498
126417
126737
126657
126816
127016
127017
127018
127019
126899
126977
126817
126978
127021
126818
126820
127176
127216
127217
127256
148058
148179
151058
152016
127337
127139
127140
127338
127536
127816
127896
128336
128297
128377
128416
145616
145818
147978
147937
148338
145980
151018
151977
128497
128537
144496
145981
148457
148418
128380
148458
128816
128737
128856
128777
128896
128857
128936
128817
128738
148297
128779
128898
145537
148259
149538
149856
150299
128818
128977
128858
129016
129096
129136
129216
129256
129296
129177
130299
129576
129496
129497
129536
129616
129897
130016
130056
129858
130376
130377
130297
130416
130456
130496
130298
131378
130261
130578
130657
143776
130936
131297
131616
131656
131897
132096
131979
131898
132176
132216
132256
132296
132257
132336
147939
132416
132456
143816
144576
146776
148059
148496
149576
150339
150978
151497
152056
132418
132339
132258
132259
132457
132536
132576
132616
132657
132696
132736
132739
132698
132817
132777
132740
132818
132659
132857
133256
133336
133376
133337
133457
133496
133417
133778
133858
133697
133658
133738
133896
133817
133936
133659
143856
133779
133859
133860
133897
133739
133861
133698
133740
133898
143817
143577
144616
145299
146816
149616
148536
150300
134376
134337
134378
134457
143578
145417
146777
151498
134257
144696
145497
146896
148616
149500
151937
134458
134497
134736
134620
134657
135419
134738
134856
134939
135216
135416
135456
135496
144736
144737
144618
145259
145498
149458
149539
135339
135458
135617
135537
135500
135378
135340
135736
135976
144697
145301
146857
149617
151096
136177
136216
136256
136057
136257
136219
136178
136138
136298
136259
136222
135977
136337
136338
136576
136577
136377
133857
136657
136977
136817
136738
137056
136857
136898
137096
137136
137137
137176
137218
137336
137097
137376
137496
137536
137497
138016
137937
137979
137858
138416
138457
138417
138696
138736
138776
138699
138816
138659
138817
138539
138617
138857
138858
138661
138778
138663
138780
138896
138664
138577
138897
138542
138937
138976
138977
139256
139457
139496
139417
139338
139258
139458
139498
139536
139419
144657
145460
146817
147817
149656
151057
139379
144816
148021
149337
151136
151456
139339
139340
139617
141858
142336
139976
140016
140056
140177
142177
140256
140097
140178
140216
140217
140218
140258
142098
140336
140376
140456
140538
140497
140377
140299
140460
140576
140300
140896
140856
140936
140858
141016
140859
141017
140860
140937
140897
142179
143738
141219
140977
141297
141337
141498
141536
141576
141617
141458
141417
141499
141501
141618
141298
141539
141260
141696
141736
141777
141856
141778
141857
141896
141936
141699
141700
141897
143657
144738
144856
149501
142056
142096
142257
142178
142099
142376
142218
142300
142182
142060
142220
142301
142338
142101
142183
142221
142258
143860
142657
142696
142697
142537
142698
142497
143618
147016
151897
152298
152299
152378
152300
152456
152616
152816
152817
152658
152897
152857
152936
152659
152900
153017
153176
153216
153177
153256
153257
153296
153097
153178
153336
153137
153217
153337
153258
153338
153339
153376
153179
153219
153377
153340
153341
153857
154016
153938
153897
153977
154058
154019
153941
154256
154456
154657
154577
154736
154578
155256
155338
155216
155619
155579
155781
155701
155621
156137
156737
